7413
7546
7595
10563
10713
10880
10898
11771
11966
11967
11972
11983
11984
11985
12038
118
119
120
121
12174
3229
10873
11775
12043
11728
10728
12063
10704
7176
9340
9682
10222
10423
11214
11621
11809
12028
12030
12029
12031
12032
12033
12077
12079
11886
12105
971
17
22
38
8504
8657UE
9266UE
9251UE
9253UE
9254UE
9255UE
9256UE
9257UE
9258UE
9259UE
9260UE
9261UE
9264UE
9265UE
9289
9424UE
10637
10879
10908
11072
11101
11102
11139
11190
11205
11360
11447
11448
11449
11450
11451
11452
11453
11454
11455
11456
11457
11458
11459
11460
11461
11462
11463
11464
11465
11466
11467
11468
11527
11528
11665
11755
11756
11757
11758
11759
11763
11778
11780
11785
11810
11910
11911
11912
11925
12000
12016
12026
12027
12049
12053
12067
12085
12084
12106
12107
4699
4722
4926
4290
4300
1364
655
1015
1593
1597
1598
1898
1910
1911
2048
2071
2084
2087
2103
2248
1136
1174
2330
2334
2337
2339
2342
2346
2353
2354
2355
2371
3271
3505
3553
3554
3569
3579
3619
3723
3732
3733
7767
7945
8037
8046
8047
8105
11708
11781
12069
12070

